440567
424107
921767
402217
941387
451687
924067
903027
454597
954657
430097
004551
487307
438717
906487
480037
410098
479627
923877
448847
422587
945477
450517
405507
955287
901277
456707
006504
006404
431787
458667
914717
462537
480007
460107
430377
466907
910867
939907
415357
910697
934807
926727
955777
459657
445147
464277
432417
922217
442377
913707
915664
946347
414647
907152
458717
485958
490777
444907
006871
448827
402088
437977
412307
411047
498187
928177
439367
454497
485697
407277
475277
476397
944577
431567
948927
934397
478107
427857
932237
906458
927447
935847
951667
944197
911007
909007
927217
408317
413868
416797
924797
490857
485797
498657
952897
939417
478137
459174
423177
912037
432277
439887
936737
469387
955737
485967
933627
488577
441497
449687
474728
489267
920157
482977
919657
402197
488837
910137
906727
443097
439977
481807
448047
476347
469367
494507
487837
447157
459627
919572
425657
904867
917997
956587
902117
949147
953017
467707
930317
440307
946197
424537
491137
455607
463864
006386
941417
436417
915237
469737
442837
406787
497107
940447
006092
951517
443987
427657
405997
938297
935497
499057
404817
955897
944687
463597
409887
467907
467087
909477
928387
949917
471197
908137
430947
496867
426337
927337
425827
429867
923027
934857
444977
950647
913177
955697
913367
444577
457737
457847
921877
914088
403317
904477
930787
911257
449867
004985
006201
474877
940027
006152
432797
459407
938237
949607
949507
949107
904007
924037
932057
458147
005424
438238
491248
465357
437737
446827
909877
458797
441487
443377
445967
428677
419517
433507
469537
918707
459497
470457
451177
939927
466267
473147
944157
406837
433447
007081
466127
475347
958367
482687
426308
403797
472367
438117
441867
473837
400227
497507
443697
951617
404167
932897
944027
455377
946497
903057
484317
932277
418507
921387
921417
494397
916397
427697
419827
493547
475677
458627
437937
929667
938837
459827
490357
916698
427477
403477
403197
453187
456497
433567
934047
420154
005806
420157
005415
441777
005545
414687
934817
951977
425877
959887
438407
450407
459277
913667
466077
929204
953953
006206
909747
466647
006661
434557
917737
455637
941237
957368
904327
910037
415557
479428
005551
455513
952337
448333
006554
006556
405698
006614
442138
954507
901507
469937
420797
440668
921587
920398
401557
922057
461937
494678
441164
441167
943737
006555
932147
005753
005703
004096
434447
006203
005852
462917
461914
006626
005611
923298
005896
005584
495977
440587
445787
489947
489107
412787
006336
442687
470297
454717
905677
466207
492387
953877
903857
937887
422827
439087
458777
941457
005645
954827
933077
437787
461034
445487
484817
487967
434987
441477
405367
463417
006213
440067
005294
443067
004992
438847
428147
445907
933437
931227
438037
914617
434067
475537
924857
405337
954107
920677
913308
407817
449127
945427
406174
907307
412157
449247
921017
408807
926287
454417
440094
479357
439857
914807
942097
450267
458287
919607
445557
930367
936347
917907
471517
407397
914197
474377
928477
926787
484107
940217
957097
453587
476047
484577
474337
401887
913627
906037
487397
950097
005193
946357
468314
944537
941617
457357
465427
487597
944457
429947
955327
419107
438338
466257
424597
467567
453477
404697
454307
447667
915607
936027
953537
479057
904957
933527
945638
929367
466377
905547
947427
430407
935197
947487
908687
915047
938517
917157
915487
942447
419347
956547
492627
944777
923987
904657
939267
450857
957277
439957
941117
923847
906797
006864
932417
007115
408997
471587
477357
917577
461307
006454
463397
482217
449237
936787
006981
006982
471847
444447
911617
470837
006856
475797
948207
442757
935967
486818
901617
959407
442567
915837
947417
439137
459007
940498
942387
923077
918287
945417
433916
458027
914177
902497
901727
921097
943937
911687
909907
905497
945297
933577
916827
930587
454138
484047
945827
492314
486987
924157
929917
482408
937317
930137
938317
004246
936777
006036
924507
913967
927787
952807
956537
921888
919497
953997
927017
452277
948647
942797
934657
942347
932028
956158
916597
956267
944757
954448
941537
422947
923507
919204
925527
919427
457487
945577
901287
470127
905707
431187
939167
439027
910588
925387
921508
007152
909827
949347
910677
400667
943017
915537
006941
497037
006576
439687
479217
457427
904748
951457
495337
930717
454907
486817
914437
902617
926707
913897
484347
006691
416257
952857
430457
005423
006826
006774
936412
946167
478587
470604
915367
460277
957007
959647
478847
927697
914297
434807
945607
408767
425557
900167
404097
918898
006781
951587
931287
005435
006665
005152
910737
491198
422847
499457
950737
933007
449177
946547
953327
927077
462084
441117
945867
945687
425607
938387
920667
427627
937677
470362
455027
954957
927997
951237
943527
435447
460447
451497
479637
489047
426807
005671
005656
904017
957787
901857
479947
489737
930887
434927
936557
940247
927777
006594
931527
006242
005573
006915
004996
462307
005153
945077
006645
467667
908457
933587
423897
007072
403167
006366
913987
436517
905727
428547
488477
006812
936392
954497
496777
435867
932117
473807
496257
447367
902647
926947
485137
422287
940437
490627
473347
923767
004909
925977
918917
443557
924417
465677
916637
905407
936867
926837
407357
407597
918737
954987
910277
442917
473107
427767
473657
947547
404794
923437
903567
472027
941468
931917
466017
496707
915557
420757
939647
460007
402267
904517
905098
494528
499288
935457
911167
925077
938657
414347
404767
441798
944747
436837
906467
931357
451347
487128
447067
005436
006726
449137
935587
478387
944877
939974
928027
466997
451877
945437
934587
452407
922197
462387
434857
408077
492437
940947
909717
468627
913837
906357
901107
469957
938098
914507
921947
488307
931397
949097
482787
933197
465967
481017
918667
426347
948687
498278
005986
453607
924807
914787
460027
957857
938318
927818
466437
958834
482967
957037
931937
445077
951187
914487
941047
920007
929077
928257
486837
928047
935627
935384
948797
914877
482367
924487
938607
919357
948127
937287
911757
937927
910947
943457
911547
930077
432687
005155
926307
465507
949297
445168
441547
935977
924727
946617
959147
919177
917318
911947
912607
950577
418457
958937
943037
912917
440797
404867
925797
930157
943298
469397
903127
953827
914457
915637
905637
422937
922257
929174
907527
903557
915787
909627
906217
954547
916427
903767
924027
921197
904557
907477
919857
924677
475027
937717
910898
445197
494727
409367
925127
935327
950137
485557
957127
957017
915197
406547
901067
924017
925417
474707
949797
480367
924897
409607
951326
959377
944677
453777
940917
909557
923907
921837
929967
905187
484037
906477
441437
408938
413707
927647
923277
947987
935317
942497
946797
938147
939497
942277
918848
920617
929357
924827
902147
922207
920127
921927
912277
916997
446437
900887
934307
913047
946907
479997
956577
404974
428997
949017
943207
928917
445307
957767
416427
461167
915267
925607
933797
957827
921887
920547
916687
463157
911507
924437
900747
934907
901987
435677
922997
906777
931437
476267
415687
918597
439697
905267
910897
959437
455187
431137
940127
943767
459757
928857
940527
903937
926957
447377
930417
420897
921617
926387
934347
914837
915167
948077
432087
924267
907207
903897
412647
419627
931037
902857
937337
923047
938727
936647
955807
470057
903357
903817
912497
906417
445857
411517
937817
936747
417707
442257
403527
912857
919117
911817
931257
946627
402126
402277
944827
927927
920637
404157
450207
905797
944397
400047
483587
484097
421287
457867
453828
918257
933607
930967
452207
926447
927367
947107
930227
901437
498557
928517
934697
927617
903047
908037
420007
431677
400897
934197
408977
924967
931997
948057
924047
483177
449897
498527
933987
453517
454997
443037
456127
465127
485417
458177
491997
484857
456677
477818
454297
474257
006382
915177
473437
468897
407427
911087
005675
927597
459777
903377
921084
451088
922837
416747
919557
924647
949667
938467
923937
909537
461477
400377
474537
954477
936157
434487
465237
954077
006654
448957
901597
900837
429397
493337
435217
429087
437627
942917
407077
946937
477797
905537
930187
926267
906987
405487
474867
421927
446747
935227
942047
948537
930277
929897
484997
918007
401477
929737
947167
945017
913537
903807
932317
924377
934787
901197
920307
907197
402997
902057
931187
482014
952457
439088
916377
958147
901747
452547
900407
934027
442007
922897
904467
440487
938977
007011
929347
499577
955257
912987
442514
424827
416107
440197
900807
941927
925947
908847
952617
904317
937977
923537
439567
447947
446927
406067
425437
933557
487817
005943
945377
422967
909997
424647
902597
006861
468614
951707
449567
905357
935677
944467
901497
918327
903317
447037
922447
914817
958557
946667
478047
908607
421637
907247
947267
948317
440867
935417
954467
930997
420787
406937
428737
947587
906517
466627
445507
428227
919027
449097
943747
936067
931787
946337
419927
453417
932747
420177
919827
918627
930497
940537
434797
924477
952047
939977
920787
496007
439614
943757
917017
466537
907147
955747
918117
946097
471907
947867
954478
478177
442787
493717
461397
449684
940657
407747
484697
929127
423357
455007
953217
908077
959754
907697
909297
938967
938947
907548
006004
916917
906708
006364
904554
455887
954814
933337
907957
933957
919407
937007
918757
952267
909677
949277
006903
956247
006881
432027
471347
916177
952687
908057
916467
934157
938867
453767
428697
944937
907507
931297
908187
495037
917347
428454
911717
443817
936587
941947
446477
908307
419467
902417
429567
417847
908814
480757
456617
431777
922477
924147
936677
953948
926557
471387
928612
920997
909697
444924
943787
458517
007122
450187
475407
912288
905657
935647
485027
941207
909977
917757
924337
947457
946047
404568
468847
488257
487137
952573
919217
959587
958347
463937
954537
420307
497557
930027
458907
917607
932847
934717
933807
907107
912827
937167
924817
407587
917597
422677
499537
425977
403397
934177
499557
421697
485247
488467
919907
925727
942587
924087
451447
922977
930657
459947
438127
954277
949267
433897
906157
490447
489197
958467
943177
900497
449777
456977
411747
935077
911727
451237
920067
901887
904437
419218
924557
920857
473327
954718
918977
922248
926417
477347
917917
448917
916367
907777
958257
917377
437807
497877
935437
928687
425327
472087
498767
005434
475497
931347
485497
470667
431347
005393
428567
905097
919337
934207
959337
904727
956077
912797
469187
955357
944107
910547
911437
489767
926487
959317
436967
914067
912997
950997
923777
422137
004208
403497
439987
453977
947714
907587
458694
433437
426047
488697
467037
438947
404247
914137
447917
464047
931757
403267
437777
952397
403277
959257
406117
928367
437647
915037
908177
458387
904447
901297
901377
912327
931877
921287
451757
906697
409907
408787
941337
956217
902427
923577
931817
932807
955127
947147
941887
906527
937987
959047
499634
005242
496308
448018
428968
427267
910297
926887
410038
424427
005183
403817
911477
481068
420657
464917
005286
005285
493007
456837
478057
436587
454047
472897
935737
919997
437497
936977
485617
959307
923607
463387
480017
489537
498807
456927
491647
938587
491307
909887
409527
424747
418287
946137
482407
441147
955457
922497
950717
482117
415877
453057
470788
900027
917777
439297
490877
409377
460327
452597
901097
469987
457087
438527
464197
946657
957457
403367
433927
005503
913097
919167
449288
492047
460167
934007
423127
005072
433287
471567
494147
446657
433068
423047
455057
441307
446727
464087
953567
005001
005406
901044
945388
938137
435528
915677
942427
905667
447387
487107
481507
425577
489727
489357
409497
442517
493867
441007
483867
425697
442327
471437
446027
485187
425147
425947
459624
494667
404647
420647
005091
954487
451967
005093
951177
905257
468917
904807
443627
475247
437687
463327
426027
443137
471778
412627
478567
424357
418758
416897
417427
498227
471897
426068
945857
401667
470507
947777
492834
006121
440087
429837
468547
471877
914017
461457
411287
473477
467397
436327
006102
443877
930897
455937
450254
432037
480307
423117
444737
006341
909397
460687
948617
927767
419504
461207
931487
944337
414667
435847
946767
948417
481967
901367
481637
460527
471867
486147
948277
407967
902447
403237
928187
005714
900647
420817
926907
939947
476508
900187
916217
912587
900047
471857
918847
477437
409397
489407
005704
442867
005741
932197
475612
950372
927847
946597
455477
902547
444487
479603
431073
432587
902977
444637
489877
906667
904337
918397
475447
954777
446687
959087
906007
408137
951137
958677
956817
439457
909647
408527
494607
437317
488987
443227
944767
423777
401757
931127
428797
952927
941597
929827
938787
946397
921467
413537
909707
929817
937867
951357
408382
936967
917077
445177
914607
472687
949757
421797
913887
422647
932177
908277
929837
492927
473538
954097
949037
928097
907847
940817
959707
456437
949287
459817
429967
412927
908667
958867
451787
457557
442457
938097
951317
465837
006911
923438
445717
408797
912867
922067
487287
470407
434077
483447
427417
904227
954857
485307
409044
482127
406287
420507
476677
498567
498047
486777
408427
936317
934627
460437
438737
460267
468327
910717
953157
458887
464377
440167
411327
410057
451257
949617
933517
903887
956447
451227
499327
468527
495167
429027
900897
941227
927308
913697
911177
939778
443154
005755
937428
484147
914337
946887
450787
450987
940477
948747
940228
913487
904887
943427
911867
941307
444778
481357
428807
448207
424177
940457
451467
910317
440147
477787
463614
949407
958777
404137
944137
471097
912297
930747
925627
496357
912157
926747
403567
472127
415037
448577
442627
484397
481077
433137
441627
466047
944097
488627
490387
477727
492207
402617
461527
947817
915347
452477
913637
903447
936107
475257
493397
466327
408117
427597
417607
934617
496937
923627
958417
437164
408487
938427
409837
465447
941727
957897
906577
933267
430067
930237
451697
957137
459527
447697
005795
453178
920647
457467
919447
942547
949687
006955
913807
425297
933767
420437
478717
954257
954837
446607
955077
462767
951757
933737
917207
497788
462187
461657
006944
936327
405157
480907
479657
479797
946157
917587
493557
492507
941707
918377
919537
923457
438307
943267
409157
922417
483197
439657
484797
432437
475477
498697
934597
918417
913127
938747
495517
911147
471657
913617
924907
938677
923417
431594
902917
913107
914107
950217
910847
494537
488187
462027
485787
904777
446097
406127
462827
480747
928997
924617
405797
433247
464347
937457
939837
479107
499607
497527
930557
431817
949467
952357
919317
455097
484427
407977
952197
903397
924367
910607
931862
937827
464147
900868
447297
490728
469207
918557
402048
928197
956527
461497
499267
907218
007142
929213
938918
902107
429957
939717
943887
948247
450684
004696
911712
936377
912197
462378
935797
919437
446507
900057
952767
927047
900137
007123
913447
955237
424564
926657
946827
955837
473127
950197
902517
917617
916967
437644
491127
485527
469907
435667
911647
925207
931197
938017
917087
417827
940197
931707
943947
901967
421027
902467
940837
450557
940507
932322
943437
958307
956997
456734
422047
926767
952667
911777
436157
422507
480857
925777
909927
914547
946107
408387
007161
945483
495394
481397
925717
935087
957087
469072
956807
952298
913978
932258
463477
912087
402127
494718
495287
436317
905057
934487
903788
921807
452657
479367
913197
914907
936807
440204
903617
948917
943417
422707
485487
435177
487637
932517
935577
955808
484954
930987
914317
439037
494617
941397
913387
483277
901947
909087
935798
925007
467718
912138
938167
485168
496747
940113
941867
421792
942962
466447
477387
418327
935447
929487
921627
934757
909807
958697
948497
929477
958657
951527
487417
909858
470357
941277
416397
909767
933237
941027
918198
928657
452397
911967
421937
480397
007131
933917
943688
920977
905987
941447
929957
418358
445174
402747
934977
463957
444937
909797
413677
419677
940957
944847
497667
931097
412697
008175
468757
940017
943657
570287
913237
588367
908117
585697
561177
903037
519918
509297
958317
531787
900487
923092
571237
922607
531137
507277
007812
924467
944917
576347
901788
911957
590267
596797
957927
519557
933787
915667
561327
559807
951647
928967
913252
506792
007963
953007
914277
900147
577377
910797
516847
953727
517227
580607
934847
593127
558417
934167
588837
549557
581467
560457
598017
592427
514247
903017
521847
564827
571287
957257
909117
958168
568237
008164
587757
007764
508317
006006
535947
547607
582497
923037
008125
585757
527997
506358
006603
557677
948857
903957
503957
008136
553287
564497
528447
924387
930627
941517
530657
923657
512977
576847
554537
582197
519237
578227
943957
531177
925317
943137
903107
576107
577167
538687
539017
561777
921477
579777
947527
943687
534387
955067
008056
906267
566677
914697
957148
572757
928717
943627
920627
929467
563997
938177
553387
913647
952237
005523
580643
008064
943524
571057
958027
958597
008065
957588
943287
552867
911217
008106
929707
008005
008003
008004
512023
580039
520127
594598
903287
957557
567837
008053
547518
008083
922907
953347
567017
008072
578977
916918
522207
545137
543297
945917
588667
500267
532677
907347
934337
501387
510647
575977
957607
594677
909067
592317
510297
541777
906837
938857
562704
948387
952627
550557
908737
523007
918467
957737
561277
940977
549207
954767
924517
957117
559597
901737
917517
952717
586677
933887
923917
957517
905837
920797
554277
551037
576617
904827
937627
526947
913417
916977
953047
922887
007045
944217
582567
955597
514727
553787
007505
007531
575314
554547
911807
920167
947227
927867
913357
903367
948488
908527
903207
527198
937197
947917
590014
958857
920187
580847
574767
502837
008974
544868
907177
598837
909937
939177
529147
916197
564627
570467
526747
591057
580717
918497
956277
912597
945787
905947
527187
940667
599167
938432
901467
925447
907757
931987
589727
933567
567927
927037
920597
945117
925637
926987
901247
557897
911747
916857
567297
949927
908074
937257
924227
900447
913427
553417
548816
953777
902067
905032
007065
927197
584807
933647
570597
950237
902257
923587
922777
943027
936457
516737
500097
921117
910467
510677
948147
954517
904747
949007
913827
943717
919267
565637
935717
508487
513937
516897
912097
539467
906287
907747
952107
954377
595824
544897
577677
530857
948697
514694
900017
951608
954157
940137
515907
521357
535667
594537
938157
546377
542757
909357
552078
592007
513608
913397
565327
007835
523897
598437
942667
587207
527947
534137
584787
931147
515887
566406
007742
917967
945087
954267
512747
585177
581667
593007
958427
554637
511877
512477
522898
912227
928327
575677
578707
945237
939957
008016
577807
907737
949997
905137
008316
932127
910557
901307
008325
585357
520577
907767
505767
931336
913307
505087
008461
921357
007003
540827
920417
532657
562717
909667
942337
928937
901557
900097
945497
567757
910437
583257
955517
582178
589747
944497
563597
930857
903707
549877
903908
959857
900707
941757
914057
922077
545227
502297
935507
959187
933457
930447
581577
930807
918437
956957
504397
959787
905847
528427
527977
929797
008384
592757
572377
908017
907787
520517
945547
942397
592607
921187
931417
597808
924717
530037
935857
944247
920087
529187
597887
959167
549807
504947
536818
954007
947857
913597
956337
910157
923817
513027
556547
597447
901957
900997
551347
520907
571307
906347
921147
947117
913057
008212
915747
008341
568927
008422
920987
943357
008433
913857
573777
511207
551327
539937
915797
543417
008351
906977
008242
953787
916157
943408
934867
932058
954677
928677
583237
008323
508947
579007
942267
941737
954067
940257
548937
574497
915687
950907
595237
555797
008485
008365
945107
551254
915227
949597
949787
008496
926007
920537
584257
904357
503974
917417
901267
943907
934077
533097
911897
523157
904937
938997
911287
922097
008226
004951
908407
947447
939662
912167
933427
008234
590387
008282
907407
912317
906947
935633
915807
939317
922437
551167
540267
906437
505247
556327
536807
925938
553427
532417
940777
948477
926877
946277
957997
925237
572287
595267
909337
931277
594678
513367
951387
597307
913497
935757
946117
568977
927567
502907
541597
556557
571507
562037
954297
598557
539597
905397
920867
912707
590147
532157
577837
913157
599634
915887
934547
949237
517797
516757
567727
599447
583597
593797
552587
941917
929064
521987
526027
953187
592564
927347
956167
533387
919047
940047
510797
597167
542427
509057
516707
545117
909037
547577
951007
566687
902336
933027
008481
587157
542617
508397
522847
907217
959007
941287
550967
907387
920327
938917
915767
912847
523117
591327
932297
008361
523534
543877
916567
942067
548637
902637
914467
908087
561147
599327
528567
922707
927267
948637
933667
555827
933507
914857
933827
501457
554077
572687
950747
931887
909727
947407
008121
959267
521447
921777
945557
915627
909317
595687
526437
511427
592054
909547
901007
947517
902317
904307
924217
586957
949747
906077
905107
909897
934327
937737
943377
929147
915707
007363
579207
560607
905627
958977
909387
952977
503497
573527
546113
901227
007561
559014
955377
935997
905447
937037
949947
955787
007483
579337
903327
591987
544397
508154
562457
942817
917097
914637
590284
519638
514937
583287
526087
597717
929767
599867
957777
558477
934477
560328
560327
913677
946267
509877
582394
571067
916877
903487
959057
945487
504517
955007
931307
953287
924317
942537
916357
576207
934377
934777
935947
906557
944867
579957
007485
908797
907267
007296
920397
589087
593957
007501
588194
007422
945097
954187
007291
910517
911297
908047
520884
588357
520327
912407
571257
955387
958237
588587
582877
576944
576947
597157
916537
954527
911467
941678
571937
583784
572407
940987
534727
938537
511957
923797
950917
585744
939707
522567
940057
578067
912537
007241
007221
920107
912627
902877
941107
501477
522467
565787
536007
535287
581967
580627
576017
588377
569294
578747
937327
577307
519657
562727
006436
007682
553487
931137
919077
007961
901577
941437
566424
510237
585597
572797
510347
522157
560297
538868
900877
940267
952507
529497
524367
941017
923267
571367
929677
936227
947657
912767
516977
510717
574697
583757
500847
008142
567487
948727
578564
556647
573407
586717
572567
927977
945387
557667
007973
939688
007496
959427
914847
551637
944977
538514
929417
910417
559677
587607
913437
911657
930057
946467
509087
595187
535817
572557
505557
911197
946237
926517
904997
007175
928627
505367
904237
554007
593837
932067
530278
951917
909577
533947
512737
549587
008132
007133
507292
941712
945517
007293
007331
007345
940647
932727
944997
007395
928957
945267
533603
508307
598137
533967
951467
591827
951107
921827
948937
545357
565847
563277
940687
908747
924957
931857
535537
502567
922717
565157
927107
959627
593027
938887
937067
589457
553657
585344
584904
921257
007681
007952
582527
949317
939187
922927
948737
936887
578947
938937
570617
942247
926367
903187
007382
953557
579677
915997
007206
007295
935367
933087
520597
924057
919667
901427
959237
576527
957397
936307
548467
565307
552807
955074
910647
914377
598077
934127
929577
593527
593227
921297
920117
506137
008188
918907
573382
927637
910896
911926
584247
944487
919897
565227
595507
543247
953657
516927
562377
900857
517007
919487
912647
591487
588987
573277
912527
909257
944327
928647
902627
921227
957407
947467
529487
932068
535727
524667
908807
503377
919977
939477
914557
929377
902287
914037
900327
564567
936167
540117
572507
575067
544638
551094
517397
923497
951627
596537
591324
941018
584377
519257
007651
593677
531847
901997
537724
501987
554097
557327
514397
505537
941327
007665
007695
952477
908447
586944
544467
550447
949207
953517
550487
956287
947718
949168
940677
935337
944237
945307
954027
519488
931747
904067
915207
947077
938047
509807
536508
508067
549947
912938
903448
925377
508747
905617
955097
521607
543288
526907
590877
565563
947967
516084
952287
555567
537507
587777
596147
950957
911528
007694
542397
925187
938627
938067
538247
007675
007781
940287
575507
502977
950787
915397
543547
921797
947737
915154
907337
902177
907827
587784
931847
914647
946877
944967
957067
539488
007882
548217
913757
930357
557454
527927
903337
930687
921867
577897
556907
930927
541497
554127
934918
524084
570517
594097
588234
516877
924527
946297
937507
912177
914237
952147
918797
530797
570598
909917
930457
932857
914117
513138
900917
930757
928207
953437
937637
905747
580247
926597
007352
007934
008086
528297
538477
538407
577607
529477
926917
508227
518307
598417
948597
501877
007316
583347
560467
004911
500997
577747
941667
502577
945337
007733
908567
916308
905937
939037
950537
921657
933067
934687
581257
577827
924107
959967
950207
557477
594877
567907
004981
918817
505057
599427
902598
593287
528887
931317
920583
934927
513107
551787
557557
945367
556247
518137
593467
529907
502147
572427
518567
520547
578107
900627
586067
925287
936487
583567
937437
570257
937057
905077
569227
595307
551987
944377
931578
938437
914827
952877
501427
568487
924627
519767
599237
539947
570177
923857
562017
935897
527747
957417
520827
563607
943237
913317
544404
954707
582867
550147
559917
502997
594257
596487
905737
932922
580407
958157
541457
574297
589397
908657
933817
503858
906677
510967
939847
555867
948677
923687
905687
575367
946967
901077
564937
547027
004366
007526
535187
561957
542687
514147
939217
944807
505377
918777
917857
516277
554207
909837
918727
600377
937807
151427
194117
124577
942057
001656
001657
116576
143007
100517
158937
001698
116996
116944
108217
001641
164257
164254
157214
156857
166814
929387
117003
945757
926337
949227
001703
135257
125026
924667
136317
947127
916717
163777
151824
940637
911397
920464
956621
930297
910197
199397
171877
196407
114537
100217
181177
181171
187787
138707
151327
958997
939987
911387
197348
181744
942357
117787
135977
145817
903407
902577
001687
116874
914307
943307
142476
123987
943877
938287
184957
103867
933257
157093
916737
108833
951327
912596
163833
171646
160037
133817
954597
958206
001512
111053
145987
172657
930017
948237
176987
901207
935297
958277
919147
196964
195907
000933
000931
000945
000975
000821
000937
927507
154117
108307
190757
000983
146336
102657
102651
108777
108667
937228
105877
153577
934467
001023
944407
159006
110246
902176
108354
000835
109787
000962
000813
117507
000841
110447
137607
137787
000955
133254
941976
000911
000912
949286
100677
904347
117064
001082
001081
000971
110274
154086
001027
932547
918157
000833
000861
128866
199957
000781
915697
107207
000831
123927
946077
919107
951947
919057
929187
926137
903537
930007
122576
000891
000892
000901
000902
000886
000851
000793
156843
156846
000913
000914
102608
935427
179257
137738
137746
902897
000935
913673
109277
949598
109356
000823
000966
000806
109256
143127
917487
000956
000951
000953
917181
189444
916577
194416
953533
125027
000991
000992
000993
109906
109414
000941
000939
108627
001004
001002
001001
001011
110114
110126
000855
163517
105674
106287
130274
107347
179827
000976
119687
931204
127206
156644
000797
950757
000924
109243
001041
001042
931177
116527
110138
000881
001013
192246
932737
110314
001031
105967
001061
951166
959837
941706
134417
134414
134426
156754
187554
127677
122527
122521
194223
912347
902757
112507
908287
119777
939017
174177
907487
951887
110467
927547
170337
913917
926537
944587
149583
921487
192377
923967
175747
912377
001247
112476
946051
946037
958797
001347
152918
952067
950447
001196
111966
001434
104084
951797
129847
157104
121287
924327
103337
147477
128297
192437
129967
157667
176527
181757
162427
937357
910367
912657
133537
167177
001587
001583
001573
113357
160767
174903
154807
196027
112771
001272
001277
934737
951377
900527
126927
182247
920657
189026
911377
915117
906537
156907
189227
001399
166703
107857
178927
118117
001379
179943
100197
948557
909597
909367
179637
157787
118997
184624
915297
135127
941037
923097
106437
937187
131747
175937
938107
944787
906897
929057
954147
910617
001493
113538
001353
113537
182717
119397
192957
941527
950527
945247
914927
942837
944387
919097
913997
928737
928947
905047
001417
955417
159163
955577
949937
194757
183537
901057
945657
927967
930437
917957
196897
101817
164787
941147
193937
917067
118438
933837
135077
179676
001285
001287
141538
149967
001406
001405
001373
941028
117277
905217
166977
910957
001335
001334
910414
115627
115621
105017
921107
920097
944017
902697
912187
910657
001367
127707
110907
917174
139314
906936
123867
153017
953407
162697
958116
952203
940318
115027
115026
174167
902768
001576
924491
001577
958683
957697
945167
126447
904147
910487
950017
115776
001527
101863
121446
173387
001447
188927
001289
001436
001437
001435
144957
148177
140867
169987
001516
951727
112187
191177
905827
905237
120048
167287
163817
112096
112074
112097
191086
165616
117338
117333
117336
920176
906547
119707
001465
133727
909847
001403
182277
134527
001357
914587
001541
163747
170907
001327
178056
197067
141817
153667
103847
198027
947337
900856
905577
923516
906087
139423
174017
183354
909817
900727
191247
914987
132157
188597
112337
903457
172327
931947
926897
907027
145037
905527
935187
925217
167207
159028
128626
001557
921868
917637
001411
908327
956207
912787
941177
936397
944717
905887
916027
196947
001426
114263
185367
001407
199537
112387
135567
137807
190371
106907
121246
143666
931916
142713
135437
122757
117707
117557
925747
933397
942157
001297
193037
955537
911907
001377
953188
113774
906011
920717
146026
113776
170707
905597
906337
931007
921667
919037
114457
919851
954217
936717
914967
136817
932257
925787
947397
946287
180517
140876
140878
141406
953477
919637
936987
159187
117957
120577
915757
935887
933227
188827
946517
953907
115917
909017
912807
938277
949887
933097
931907
919757
915817
918267
908677
911337
928637
001563
115646
001397
165657
906497
001456
939696
101587
178237
174857
947557
912777
715894
775264
749064
765444
783724
752184
730034
776134
932927
949727
910787
930697
750848
721177
753277
736454
726284
945137
902567
919247
946364
947197
940707
952777
919087
923934
957914
782814
790664
727407
711877
937707
744564
740424
725704
700634
009686
929994
000166
009115
705647
783064
718354
744117
798773
797734
735874
773844
701034
701244
715814
941604
920467
737544
793744
762404
774954
743434
716224
767324
906297
750434
920114
798333
935738
705714
744424
797624
791534
767184
758594
730097
700844
945034
912617
924497
911024
724844
908364
701074
913864
932254
716026
009376
736936
934516
914896
726566
716436
700546
923236
724826
938246
952656
749684
700646
787257
775494
757746
757306
720506
787496
920844
956924
915594
916614
705956
799016
705624
755886
786804
785516
735724
948226
789926
787494
912434
799454
728604
954684
952874
935114
930934
949764
907754
911194
787374
934604
906704
955824
900464
925214
924347
936797
928407
704466
740796
751253
742174
754354
957034
917114
909874
927884
947634
916344
744264
718434
720954
784874
744124
774984
938195
903614
947535
763226
796124
755544
757724
954174
903024
919344
928444
760824
710324
955984
942024
907444
716854
788664
769854
754314
766554
754064
793408
793405
928604
723004
782784
906404
931634
948704
917364
941574
934594
913464
953614
714067
902334
705854
796727
751014
933406
905366
949244
935674
932774
945714
930564
755404
701644
772184
799904
902247
723874
782574
750274
727404
769534
948054
920216
950624
904914
954794
948644
722984
940634
913236
915104
906114
900494
913214
915474
931196
941896
923726
902956
778086
761044
009716
738064
756114
794144
710644
766204
725936
767456
723424
789454
760156
749526
744104
748294
753694
948056
764546
939524
931564
920274
954454
942684
946194
934684
752374
746694
924794
950964
927916
914914
785074
776564
731254
725574
913084
912326
906074
928656
903176
009677
921706
782206
753866
722054
740536
753276
718424
774626
750756
792056
746194
751896
719386
748056
009475
799486
700486
707146
782404
763766
959106
710966
796394
744266
744286
901226
734296
748074
724076
798416
784066
921626
725426
903214
726056
794646
744876
752956
781456
746526
766876
764836
716486
711056
798246
714336
767896
730316
767016
737906
778966
709386
710514
791996
771574
706334
712466
740414
736474
730514
750684
770314
917024
902244
919974
925286
798124
921224
904204
949814
785234
916744
908634
777734
742344
766454
747154
948334
948514
924754
900054
712644
911654
951074
934776
765014
906184
905854
949484
702564
742144
774654
922784
708544
743844
950294
709134
789714
724904
729494
766134
915486
912873
945748
903473
944678
903693
931865
930267
900177
939863
947247
912703
927287
923387
745604
707494
716214
701474
755044
774144
708934
708354
733184
704514
719974
900247
932187
764286
934444
745254
947334
753274
924404
764954
751154
950064
765834
929824
764454
753004
926704
798374
941744
710834
944524
922474
957944
718164
948924
917924
708684
779324
741206
718714
727766
956916
751414
782734
914974
956094
940364
952224
796459
710578
796454
762916
000071
009213
792178
959618
792176
795538
795534
755496
786726
000041
794078
794076
794084
794088
701536
927196
921216
929816
915716
936416
706964
721224
720234
733274
730794
741364
795288
795286
009273
736658
736654
706504
701304
775734
747088
747084
751184
726554
776156
936754
795648
795688
795646
795674
958258
009303
913044
905014
911774
933304
931984
934104
749094
745894
716794
720264
723484
702484
703944
737026
794964
712424
915574
908894
931374
716194
772514
767704
903774
769386
751204
739806
778466
782184
933654
792436
701814
766684
755446
708146
710614
798286
782526
732736
722086
779034
783206
761964
784214
939804
709794
955634
946504
954224
000021
794698
009459
794588
794564
794576
728384
769176
009283
792838
792848
792858
792836
792854
921724
710654
905194
954194
958254
958794
741164
702406
717176
719858
723434
943906
713406
744486
730726
923234
761524
767224
932354
952754
925014
906354
909184
936536
912614
934134
749434
938534
931994
739014
902394
946724
956424
904144
906934
953334
927944
901234
922136
712496
744166
787676
928524
768624
919276
907606
732874
926664
792524
954154
904984
754144
751004
778644
946484
938134
756484
742836
714326
766346
798688
798684
788674
766414
933137
941167
770014
760344
917914
715484
937824
902274
793434
907184
945324
928724
917804
708404
701204
718364
918374
783594
741034
785004
785454
952064
734484
749074
703574
938114
779174
945664
920774
928464
909284
920944
759054
907096
945916
946466
914784
940254
947614
934424
941864
913514
934284
924864
942764
906924
760674
726204
903384
949366
923434
955034
936286
750984
763994
713574
784754
797634
779524
720544
706524
752714
747634
754004
700284
797074
776494
775394
704184
767894
793206
799664
748156
753706
951056
924206
789224
770396
783586
726706
754626
719776
711546
773846
009743
762326
751356
726066
009772
714225
706305
768815
792864
725974
776424
908134
942454
907454
724954
956254
941174
957444
953364
926584
905924
916594
954124
757294
717884
713854
722356
730856
769986
009369
941324
913174
928644
959844
939094
952154
913244
798894
793324
775124
957224
913004
793524
930394
729304
793054
946434
925686
959224
915924
760974
949047
959417
726904
794924
737534
741067
772354
738464
704824
743814
945475
932274
958535
935124
938784
750385
940216
734805
774104
959854
736444
917367
791294
730754
930674
931084
944284
707334
750424
732774
955334
727196
959807
723974
938254
754284
907884
931046
905026
763984
715204
958836
902256
938444
952724
911916
925086
920364
912156
930596
952964
928074
727374
785456
707096
775696
707184
710046
748216
745576
773976
748674
764656
738416
730386
790384
770484
774166
926507
944296
947957
931477
946464
908753
929087
769277
954117
936547
760534
739516
719044
788244
790154
730634
919834
903574
933824
927684
789564
924887
735204
941644
705697
702238
782297
933054
925034
913784
739174
935294
923134
921964
778507
781227
008695
950023
917273
784075
719605
732865
910937
958447
757286
904954
790584
747994
742584
901484
718264
784844
903034
914864
782246
789346
701764
714734
914284
904324
922544
939634
940274
762454
793587
751537
733657
734587
769467
777487
757764
955594
768455
924394
915374
901964
952744
793386
788986
732244
724243
726654
727684
718893
742703
742708
742713
758604
798804
787047
948337
942333
953133
732823
795063
746443
708543
705823
791653
735318
735314
922203
913573
933793
935244
774824
746804
772364
778134
900013
907163
950793
910194
725504
762708
762704
771914
950528
904016
943654
916168
959344
958228
956384
746703
787324
762754
000026
728284
700338
700328
782434
705044
705064
714894
745994
706574
759034
934278
700324
700346
000033
769327
777754
734637
764068
764064
748818
748814
775434
701967
715697
781437
735734
758944
720354
936574
901374
948594
948984
760933
749484
748044
922937
738034
538067
438987
455017
535297
590937
941677
951207
954307
947544
586727
950706
790693
794383
735753
787673
701773
750013
765693
763393
701774
759573
779194
935617
935144
911627
530947
533167
597133
547487
930764
531384
483714
429677
429674
431717
704544
714614
719754
772144
947257
525327
940284
730344
703226
470117
718573
476567
781143
466367
518727
507057
707413
904097
767474
929946
434707
562927
575707
468977
916647
590537
594587
565663
948274
506697
946817
910023
542497
731474
776206
589067
511627
758406
521577
417217
591003
770543
770553
772893
672627
752474
741264
752384
766293
794904
735384
565277
713096
720393
774173
543847
756744
793114
549987
790176
570487
769824
702314
525997
525993
912727
525717
930466
719484
702914
735598
735594
793958
793954
925704
933777
948304
900867
920026
931604
584057
754744
719294
710676
950212
923772
833262
833100
833261
000079
000083
000082
833064
833252
833325
833320
833324
833326
833233
834244
833323
833327
833328
833215
833316
833322
834276
833269
834274
833222
833283
833289
833337
833321
833281
833221
833266
833216
833291
833280
833284
833282
833285
833273
833078
833288
833297
833278
833277
834241
834242
834243
833276
833293
833294
834086
833271
833300
833301
833298
833299
833332
833302
834278
833227
834272
834256
009738
834264
834265
834266
834255
834234
834235
834267
833171
833173
833208
833206
833239
833210
833207
833212
834271
833330
833201
833272
833205
833295
833296
833287
833275
833237
834285
833214
833290
834259
009936
834257
833305
834279
834219
834258
834245
834246
834248
834249
834251
833279
834252
834254
834250
834253
833304
833303
833106
834263
833314
833313
833312
833318
833315
833127
833125
833126
834224
833270
834158
833232
833199
466848
445518
404038
419618
931288
479198
909758
425998
461058
441598
435748
475798
933178
911448
440148
441478
461528
468088
918288
465358
487958
469248
499298
900858
466618
425408
916118
455518
904598
005334
489768
005386
947268
456478
462038
462558
429128
440588
492388
459178
928878
443978
415098
459938
957988
909888
944978
454058
468438
458718
900138
447598
429978
917408
953798
485568
430158
480848
422548
005315
929188
949038
937158
476108
925858
906508
903468
466998
482328
441848
424348
420938
407428
914348
404128
908468
941358
933328
956088
926938
432548
908268
907668
927628
460478
920138
909138
469398
906598
933298
921018
902548
943008
915598
469998
456448
472338
466488
912578
932148
497718
005384
448608
913098
005375
439068
951578
935248
922068
927608
958238
936858
442708
925548
924758
939618
432698
451158
450718
005312
442868
945108
936528
448698
463308
461278
455578
928258
477968
950648
955668
942608
944868
949108
696348
433298
925578
496128
483488
903918
906998
904378
486078
919358
912808
475808
953738
485368
914468
944208
562298
933738
570738
551978
918548
568238
538778
942948
561138
948998
949468
904828
582198
580358
552988
581068
946018
008021
580038
945628
008163
567838
957678
588668
575318
555868
949278
530558
957628
546418
952858
926988
904258
585828
570698
903868
950238
589808
583928
574478
577428
008165
525678
598588
947898
008166
580158
591068
558948
945778
933238
948528
955968
913398
903288
946118
932288
922648
930118
552158
533648
571658
927758
946908
924728
588368
920338
536468
532278
917058
908318
952418
919998
518088
573778
952578
531498
572948
921718
526148
572958
560638
914408
919318
007185
513588
948028
904978
510238
576948
944328
548858
522798
007932
008088
535478
915878
549818
543598
911488
952598
574298
543668
503798
923897
583184
937944
925334
311254
922177
920014
561194
952536
307184
929097
908818
232297
684267
955107
946917
952317
003591
951456
945656
439554
335214
916768
932848
376896
384276
313464
351124
909447
301024
360814
002901
316997
360944
931676
941487
690768
659918
622313
929727
671783
955337
331677
907277
319807
336016
003572
003616
349127
003724
913738
939517
934246
904624
944054
307357
949057
906774
222037
914216
932284
567847
910817
907442
557844
916464
946914
931934
564324
479804
535404
562854
937324
554584
591644
923954
439346
931394
945544
911836
456224
945348
936694
375846
375287
908557
927837
353216
358434
003064
003054
003065
638017
631357
363537
326357
934707
903394
574934
562544
513324
567684
592944
525364
007922
940554
923114
945484
922914
904094
380194
692067
625454
670377
606852
614613
637124
305064
912437
664054
662674
620617
918844
928994
387367
937397
921484
381547
391854
914816
343794
312064
376607
308083
310837
003181
303944
316654
339546
900417
311707
914527
929266
360127
934474
334736
340797
305944
003286
263587
905907
315583
373348
908427
347963
329331
003295
373847
347904
377047
948187
352177
906377
305868
362457
354677
931797
304644
321054
394354
915844
340447
365167
328507
364694
399014
377727
925374
003235
951077
937797
003211
378637
339477
949837
926967
916267
931897
916854
922857
931067
939377
228287
323487
900257
937757
377866
345077
334517
956147
321674
361727
339177
314107
251897
939777
908507
949627
952864
914184
906084
511087
516647
513667
527554
502594
949124
556834
502967
511414
561964
591784
928334
912984
937647
949327
948416
913614
955014
916317
333956
907026
928316
371174
906554
391467
924867
901456
316607
929627
924676
906367
936367
512884
515072
557004
900624
596144
502684
534614
948374
509844
920474
955867
942834
935207
943967
934013
684087
684784
003298
004109
003278
004119
904946
003319
300538
303118
958864
328997
002623
002687
002763
002583
002753
002793
322077
385567
318497
326657
607864
319027
325927
609097
687107
643137
671817
692087
954996
664026
615476
003732
919957
313457
908936
308967
662057
383877
314148
389467
936697
910057
930577
902557
918827
910987
941937
372097
328857
002943
386927
685807
622537
630627
939237
601887
649797
959947
927857
652087
688077
367657
909287
327734
327747
002757
941246
946177
948877
512606
528786
519056
926486
901324
523026
948914
928846
146607
001143
001133
111434
939137
904617
163487
150517
001182
000626
000453
109407
956628
917427
900297
922917
139187
001107
111074
120807
118356
190137
000622
952787
938807
918197
169014
169017
169016
001147
111473
111474
110887
919196
000646
939036
111357
122677
111234
131207
159346
939314
001177
932497
928437
001176
148397
949487
186866
000666
001171
186597
001121
001122
114646
001162
928053
190727
198747
922288
168016
959206
151257
942887
111256
162517
104417
955627
926577
902946
232417
129427
916056
186507
939997
171617
153207
000533
000537
105376
105371
954747
178296
197273
910877
000602
000514
901397
944437
905507
904757
936617
902767
919157
947667
959467
951037
158907
158036
940387
936177
134406
144267
950947
142776
109293
156567
105887
913881
198797
136397
951926
914757
281747
913207
915617
000551
000552
175477
915097
921207
954617
900537
197656
172597
107307
159777
161286
125547
900787
908937
187437
939607
926737
924306
902296
188576
932106
105366
109207
927661
121997
162204
130014
917916
179864
923896
934297
185556
107067
000706
101121
107088
101486
000692
106927
117697
178987
106933
900957
922107
178396
178397
938797
141496
903717
900222
927896
909012
939886
124746
166267
223294
223297
174956
121486
188476
126342
112536
936012
916166
189076
222736
112644
104737
139707
924707
918657
943997
138526
953597
910286
121026
903797
945957
108587
907196
923727
000319
938217
939586
928096
937447
000249
123267
904077
187797
911927
233446
943077
905307
117861
106224
141247
930147
924187
115626
142217
913297
196796
172237
910637
941386
124177
103996
165017
130716
104826
169207
166034
917727
130837
184016
942457
134974
949567
954557
933357
957657
106877
917547
102784
148047
162156
105226
139937
956316
951726
911316
954407
116587
934866
188157
940636
157707
923167
945206
133626
164816
138506
172316
922017
940417
196437
106857
000429
928217
904407
916786
916904
940376
171597
112207
915467
942467
949987
100066
169846
958476
223814
933636
953084
955726
002241
177933
939327
900597
938357
925907
265456
940427
002296
002286
002295
943916
911977
927467
929277
150836
229476
950086
906376
224096
909266
113786
117636
915876
900066
297266
921376
180096
902696
919656
295676
957886
205386
932326
929186
951016
955116
951276
148636
284626
002353
002354
946416
133287
133284
130446
127333
209146
137297
002202
945067
906717
904427
265474
205974
144526
944007
159221
159226
900036
105057
900216
959776
262226
900086
919826
917006
217496
212166
111806
001843
002313
002315
238966
947137
223124
251251
939007
002246
295004
107596
107592
900448
161256
231537
940956
919236
942276
140006
180954
002302
951921
163306
936437
933317
944277
921196
002215
002303
178837
164914
209094
229994
224253
273994
249426
284366
292767
233424
253826
117796
949694
219876
243476
925046
123597
001875
123704
123706
901296
951354
911506
949767
939867
003114
003155
003113
131148
131158
131143
115837
904936
222866
913717
112544
003151
105656
197456
003129
930174
154653
154656
154654
287437
200507
903507
959704
283956
288116
237716
108966
255436
144796
184506
109846
943186
930574
909574
170006
263647
225086
122111
003093
001966
234946
260484
260646
902216
250946
223866
909836
123086
276073
003135
911127
904864
933436
903606
948966
932336
910136
002133
233643
951314
107716
264064
909127
957587
218353
173076
109066
902311
003002
149833
147271
165976
951577
919096
957207
910878
936546
217166
909316
926127
942994
928234
917094
927374
272547
928196
289246
002171
906047
917966
213876
932276
211804
268507
251436
271484
232054
240366
175126
237224
252684
293334
118764
915534
903374
950436
275087
234366
209446
252146
268274
230017
236356
950614
908497
002064
925897
910966
111887
290256
190386
002568
904006
917236
916846
291416
925236
912246
947696
939986
136896
294296
947357
258996
260047
223667
160794
928697
003383
947716
003384
255216
101774
956144
172766
901927
279486
948424
900337
943661
231164
936117
916024
943343
002928
900328
133631
002394
217197
112806
927574
197306
942893
925951
263906
002144
925661
934936
951666
137536
121443
939186
210136
948896
952346
272546
940646
003092
151176
107206
902737
121946
002083
957816
507707
945277
555847
917317
911327
906507
569167
503867
950817
954887
526177
934037
544697
506827
549197
552278
926588
537517
926394
596038
937997
925577
925807
944817
959477
553917
905787
588317
575657
911157
921727
564344
593967
554237
581517
563027
925757
512997
566727
528667
907117
928747
561927
947807
564257
951427
926247
932527
548517
909314
913167
950567
582897
567897
927917
951597
933677
949464
943067
939247
518197
909527
954667
544708
930854
008715
534728
532718
514108
939594
936458
956627
515377
591537
008593
599497
551757
574797
578677
518447
532477
916417
925257
951347
906607
549237
937114
936237
939827
569898
915187
942107
564737
926027
903757
566564
929777
917847
553897
530387
946847
554847
945887
921534
539878
502137
515257
008646
952387
933747
503767
515777
596067
544187
597967
525287
542327
534948
597227
530227
913567
912817
903727
957057
931207
567564
912628
947788
937408
526094
590967
538087
562857
508547
566617
589407
577657
593767
525207
584197
524077
925857
945177
952207
922058
923208
930264
938347
955967
927387
908157
956717
540904
520317
514457
954087
506894
563417
555537
521237
568357
539927
935637
901587
910127
958547
503597
535257
517977
903827
903267
916754
913117
948908
929167
956697
932618
919547
507877
937227
539397
519837
570577
539037
522098
534497
598587
910337
008429
916457
921177
936357
958057
927687
949387
955957
912697
943707
503797
949127
586423
536687
912927
589688
529068
579547
564577
586707
563847
916847
912977
955277
935547
588267
539857
925277
551477
533317
521117
588767
554417
514587
509607
927307
912547
556207
921427
560387
924277
924687
959447
507107
920407
909467
919797
936907
947747
565013
910428
929138
932657
538847
554567
549847
500757
516677
533257
924594
546828
573557
910537
950073
922738
956457
008681
923838
911227
958827
008664
910097
556197
926037
927277
934887
900367
917127
943447
932797
903387
911857
527857
530127
581078
512787
920697
582008
546958
901337
557308
547474
955204
008621
944953
950778
901167
572378
546797
932207
939527
915907
942617
945287
902907
953137
921897
566058
521488
924757
917138
903597
541407
940397
578457
562047
510897
553717
597327
562747
930797
503097
900697
922487
950837
942907
930727
923017
541717
522957
924457
931167
586437
902667
570667
530877
526187
908517
943467
910938
008782
008783
008179
568957
912367
589057
914867
008751
008741
903898
959177
930287
946957
903167
916307
536937
536277
959247
511897
008229
008662
901298
594177
928227
924837
917108
936077
915577
945828
910028
928238
953018
925537
938077
512367
543387
512974
936087
958397
934427
903237
922877
919067
910777
925877
907677
918427
535927
953344
937697
909487
940157
912677
577598
552387
937847
955977
939027
928417
572727
948977
930197
954457
951837
929257
958607
940237
925027
578657
903907
518647
544148
579638
565258
592638
511138
947027
534338
595227
570057
592137
512557
582437
571377
914977
533338
577177
958807
588547
525677
557657
571528
953127
561867
586708
536667
567068
912957
536187
582848
904387
528258
949117
008616
540978
951247
582787
568274
528128
565168
505898
526378
568558
582788
906827
932357
927177
955947
584877
911667
541147
543977
008601
586114
008815
008611
553197
567587
553827
008603
917717
947507
920027
515017
552087
917447
907647
933997
907837
563377
919627
921237
510517
922307
519187
584148
905317
938717
955267
531527
544267
590627
570497
929337
947677
948957
563963
932944
563967
932463
692117
946307
949637
646637
956917
952117
936597
939627
650017
901787
913467
956877
920237
933707
938877
651887
956937
008743
931013
921757
924257
910427
663847
580287
580283
661717
690087
915777
903477
611607
937097
903837
932757
917357
943927
008501
008521
522057
564797
928827
688697
927607
911557
598477
909217
008219
511387
947947
581897
598817
934607
506447
580867
595297
529077
585237
591864
500437
939127
575517
564487
561157
596957
504007
576027
566037
534457
944047
547087
931597
544867
586937
543397
503887
544487
916477
955927
570647
590547
552477
583887
553597
930693
916617
505457
900947
911427
508777
505507
538677
940087
946417
946727
937077
008971
924597
919137
551494
528017
950257
581017
548127
918717
509947
008912
589113
008911
541453
928607
920317
945187
920347
526647
909047
926177
921437
937947
534527
900817
901347
008966
008965
571824
008961
008964
008963
517147
517143
595827
531257
919127
953977
902077
541513
927147
910883
008512
585637
522517
573137
539587
535587
555777
540777
904247
552097
520513
500787
916437
957957
902397
936034
911317
543067
918997
926167
538437
948527
952887
924737
942517
939677
943837
912307
567437
535167
507347
550007
916767
008972
922297
948627
909517
900307
917868
566117
586534
523737
936147
945907
951607
940327
591364
921137
584847
008981
928017
537387
911787
520047
951307
915417
563307
596588
908107
959037
907617
920357
930207
941127
956967
536747
594667
940097
566707
535874
928427
900633
592707
942577
589687
902587
914477
919467
943888
921037
536767
542947
520867
547247
911027
923707
551877
548387
555687
520977
900637
911987
543677
502774
921087
558117
922147
942417
565857
929447
909177
551617
544947
913977
948327
543268
509597
938184
939767
912887
534197
562658
592577
585037
937487
910237
559647
588754
930567
916677
945697
932827
908617
935247
923783
008733
923947
929427
541367
589874
501587
512957
567387
948117
932487
590077
939437
944037
943217
930247
902927
926427
918527
936707
949827
584687
923647
948217
936427
548687
008761
541677
927397
552007
953527
910927
914947
596474
948107
944078
915308
910438
590107
542487
559967
559437
955253
932907
938197
957107
008901
008902
008585
589013
544367
947193
585787
917897
959847
539107
934947
927297
903737
925927
526977
935607
926497
008772
925774
904857
500953
902207
942477
560697
927817
940117
928567
940297
943577
952217
942297
917747
533377
916823
950047
908078
940827
957287
925867
571097
529807
929847
917557
923157
925937
503657
930947
935917
902237
524167
928787
943607
507018
913477
904157
902337
935903
942127
908924
596087
927157
940547
571007
519647
571003
902097
549297
902293
925058
906807
926238
906137
922188
949817
929247
907087
920777
942877
576137
937767
926827
929557
916627
916507
937857
907007
927497
943227
950807
908417
008776
938447
519787
512347
907457
901417
932037
597217
900437
913377
928307
900287
939398
948947
537087
928493
566837
930107
901233
944557
940067
947307
932137
579014
916583
939657
538714
590374
953117
585747
545187
915457
563247
913937
955667
546057
526427
531067
544037
529904
573317
556867
542317
937497
569387
949357
911737
906887
008893
588934
925673
955656
919888
921478
935347
528138
562097
946257
959617
502824
576427
932397
906407
921007
513137
515607
939097
902367
918877
916987
593564
948457
008924
008824
008841
933147
956087
917397
008844
936947
922537
900037
008845
008863
923717
915127
586654
908467
901127
934827
580417
905784
956727
943547
584194
929157
922967
938827
933217
954757
944623
598777
521767
578013
944447
522447
936937
907907
949967
925253
908127
928707
915947
587087
939277
583487
911537
008825
008852
579917
934447
928927
916287
951167
008816
008796
008793
529827
907537
952167
529777
555247
919457
940997
900143
008505
901217
916608
557247
594927
008814
919098
902827
526417
954397
938707
939537
566187
941347
570194
583997
595887
562197
545037
950587
916707
943647
008702
913303
008944
008941
949807
513174
572437
930507
918537
940347
536987
592187
939047
531504
533977
563097
008951
008953
519137
586023
586027
939667
943097
591767
549427
928587
532747
914497
511217
548667
550247
522187
507327
580507
186786
132468
957567
922158
948467
100466
942977
922377
931627
910117
103374
000337
924531
932647
944053
920171
954518
944427
930328
184087
190297
928347
139987
905557
942317
941897
920868
944077
902347
108146
108147
142096
950067
195436
100206
152726
954967
905427
000177
000173
101776
101771
158334
124077
113247
177697
926777
959867
118407
184116
180724
136877
121517
957687
916327
297404
102074
171784
905186
940517
953256
955326
902847
137826
907881
000132
914667
101328
930498
112646
112647
000102
953716
101316
101327
101334
101333
101338
100147
100154
100153
148013
179387
188477
100696
912687
944108
908487
956947
935727
907808
918587
921958
933417
943557
938417
932677
901458
906798
947498
920516
000162
101648
101636
101623
101627
101634
191546
000412
124917
925167
950317
919397
912504
118657
125926
189057
930177
149603
103167
122766
102277
133197
177097
151126
000419
930046
931546
106386
104717
104716
197947
197948
917267
929607
000301
000302
917107
902506
173977
923477
179407
179401
178677
103824
103817
103846
103828
103813
917867
104526
104528
104527
193777
154937
908076
909816
900366
906396
000355
182347
148906
153507
000356
000358
942937
947207
928167